201
3.475440091100871e-05
3.813678411836827e-05
4.1848349123184846e-05
4.5921132702232086e-05
5.0390289529670296e-05
5.529439561843775e-05
6.067578129329937e-05
6.658089656964612e-05
7.306071209185183e-05
8.017115909193044e-05
8.797361216604463e-05
9.653541903600386e-05
0.00010593048186844561
0.00011623989516941962
0.0001275526457604316
0.00013955657314533365
0.00015242435151814062
0.00016647860012677977
0.00018182871715792574
0.00019859418783026305
0.00021690551446671013
0.00023599326410921496
0.0002561572775029039
0.00027804416819004265
0.00030180114427401475
0.0003259498939909632
0.00035120666631259533
0.00037842050185120287
0.00040617675427329834
0.0004352075570727639
0.0004658701317128987
0.0004971205772533018
0.0005302774033229686
0.0005642465226764425
0.0006001339921636121
0.0006375892928689923
0.0006772963035927473
0.0007195124119390297
0.0007652250120545267
0.0008144283370543758
0.0008671697709992393
0.0009234272044694445
0.0009829585847659246
0.0010452640163026636
0.0011095489989650135
0.0011746928826899875
0.001239227530747152
0.0013013319499649858
0.0013588412579508256
0.001407741781873225
0.0014511698639593322
0.0014899534326695285
0.0015250979277033699
0.001558125109282686
0.0015905672065162789
0.0016245012000593536
0.0016618661378232308
0.0017059687106406908
0.001758447312407524
0.0018172072645831706
0.0018814650782826023
0.0019517785699374433
0.0020286578442401805
0.0021128067089866294
0.0022050104769583538
0.002306252234507922
0.002417620180086906
0.0025401265561590986
0.0026753855729700735
0.0028247988990811037
0.0029905552068173647
0.00317470055012454
0.003379838059952109
0.0036152622372555353
0.003911177688257999
0.004284026562605675
0.004749063193815869
0.005326391341397195
0.006041737521105518
0.006925007668913995
0.008010078973861396
0.009329332106425486
0.010901334555098497
0.012705282589964489
0.014634206753297829
0.016424356237730215
0.017635408727586132
0.018604377851522906
0.01956535012354198
0.020501507310783023
0.021392836996482287
0.022216413370202456
0.022946656807989133
0.023556121995397302
0.024016763249277838
0.024301495236779103
0.024401180800649392
0.02445543572334417
0.02450315524816895
0.024544039114349582
0.024577781667024397
0.02460409237140924
0.024622676506360793
0.02463325715335564
0.02462985801154484
0.024467409631263256
0.024099685284327106
0.023554496489608643
0.02286324104635096
0.022058389215075653
0.021171172197166955
0.020230186105936673
0.01926040049050725
0.018282723017959277
0.017311668901983067
0.015908752369781086
0.014046872366730327
0.01211548329428362
0.010346226285952897
0.008831409082305772
0.007580528699917997
0.006565942158324223
0.005749365557572316
0.005093881458261176
0.004567520974244513
0.004144809378805077
0.003805918933171238
0.003535098625616039
0.00331337030202746
0.003115392867384623
0.0029374709868862764
0.0027770171390550055
0.002632104578174849
0.0025009105230555384
0.0023817625622912005
0.00227366147264045
0.002175205555131106
0.0020854389168082554
0.002003538204188046
0.0019287622523727404
0.001860443382151664
0.0017979796477569432
0.001740923896374773
0.0016911193059430682
0.001649554887895557
0.001613423715463287
0.0015800668048187511
0.0015475407218764564
0.0015139671216664373
0.0014778595536059456
0.0014378356681442007
0.0013929267518734067
0.0013415427927075322
0.001282589894643279
0.0012197783301550044
0.0011550367733438151
0.0010898777795254279
0.0010258708629663118
0.0009641745848822953
0.0009054348689983147
0.0008500407592425759
0.0007982368060371316
0.0007501663625927967
0.0007056474208675279
0.0006641795218863848
0.0006252932363861641
0.0005882695698027671
0.0005532187982003783
0.000519222203345198
0.00048701220768150225
0.00045562343785824516
0.00042608631982811213
0.00039690687171313666
0.00036972570458648226
0.00034311972962882054
0.0003177380415087163
0.00029423391983611995
0.00027130711029992255
0.0002495648189666546
0.00022956493398571475
0.0002111678205849531
0.0001934878535582747
0.00017699848169000664
0.00016191436281106392
0.0001481157388142282
0.00013549305758677434
0.00012394610323780727
0.00011303434389359947
0.00010295294619308632
9.377069627452488e-05
8.54074002245477e-05
7.779001652883978e-05
7.085201815823847e-05
6.453281154959016e-05
5.877720740705228e-05
5.353493870194827e-05
4.876022166165678e-05
4.441135591340158e-05
4.0450360290660906e-05
3.684264112167193e-05
3.355669010280406e-05
